3620
3965
2766
51191
3669
115361
85441
10561
684
3134
129607
6772
115362
3437
25939
3434
4600
6672
10410
219285
6890
10274
57214
64135
55008
9636
3428
10346
151636
2633
4599
891
6790
4940
29128
87178
861
51280
259307
4939
375790
4162
5610
7042
11054
5441
57674
3833
9787
55601
103
6892
23424
5696
5698
55299
10855
7812
24138
23586
55234
3433
5371
135293
140290
9768
5699
7453
840
1404
10312
51056
29089
56992
51667
65260
7318
54809
10656
7153
5576
23780
6773
3029
3430
374393
3371
6566
64924
56102
7917
6525
54443
8659
8971
26010
83666
5819
6891
567
203569
79792
23558
56829
79065
3107
4012
54751
4670
28965
9246
22950
51650
51639
11169
3959
26586
55802
11065
2634
3491
8854
7157
23224
83743
7273
114793
8520
2963
3838
9643
64943
4436
6383
22974
84319
51347
7706
114990
51116
10112
4173
3005
158983
162394
71
7726
10980
3897
10204
5939
9517
10914
23195
124540
27148
462
6240
10457
7779
6691
56655
6615
30844
3488
54870
115004
5538
60682
200316
1738
1267
5641
4907
9612
1678
2072
51510
26872
26523
9716
27338
4176
57062
5558
8775
154807
51479
8828
10906
91526
79801
9258
55357
9474
1616
50509
7082
9194
4725
338
4942
5532
1545
5976
6342
10147
7391
51399
10017
10521
84166
10099
11098
81627
3039
3040
5875
100526737
10432
10845
10437
143
51400
983
9491
101059918
255626
7461
1027
57511
81704
25959
402
132625
51150
57680
79089
57169
1116
10007
121227
4172
10133
57231
1289
10169
9111
81502
2395
29126
5899
1293
8894
163589
23786
54963
158135
4438
23241
11230
6610
400668
9820
7155
11311
29104
149951
6737
961
23515
5048
80208
51079
9125
6232
57448
2647
4175
8476
27095
10920
9367
10944
9493
5062
11215
23334
8727
93627
10326
1351
25824
5906
80206
23177
9645
22916
115098
51082
5718
10213
4893
163786
10137
64318
219988
23549
10390
9470
23052
23347
439
26953
441518
60493
84991
10142
51449
8761
4884
10695
149986
1719
760
1290
10146
7846
23028
5917
1956
79719
728689
3106
1203
4938
1021
5805
6749
388753
91746
6423
56949
57707
9318
1282
1153
11011
2068
5937
114034
10569
3162
9556
116228
2596
7355
10152
9351
10016
8638
55841
6507
7466
7298
5424
4171
8290
63897
285855
80115
115426
1265
23731
51474
51614
23607
9683
94274
5347
64834
5565
1362
7920
2548
5137
9221
6903
25923
138046
6431
6242
220
80772
79586
1656
374291
123096
3995
9342
249
22954
54386
51506
80184
6499
160428
51170
79624
54464
381
53917
54807
7272
9978
55706
54901
6627
51
6888
4594
1982
143884
84817
26521
11103
3693
55681
1729
56005
285175
64928
2969
10493
54587
64837
1491
23478
2589
25831
10808
6902
9545
213
5054
1152
4684
4179
5605
1187
65993
1739
2195
84726
284498
125988
10480
23022
9807
30001
27000
55847
6733
87
10791
1655
602
56975
57381
23353
653781
29952
23011
283237
9124
1019
5725
2194
6845
5394
1523
9785
81609
84617
55337
22904
23461
56259
219
404093
9201
26173
55198
400
4720
8815
7325
976
91452
91368
56945
4174
1674
3675
10197
27258
9320
56650
1031
10949
23378
4837
9112
6793
84955
6801
84823
3192
57326
10940
4045
63971
4716
3912
801
805
808
6560
23046
7520
6715
2767
2932
4059
3306
27436
51251
3105
4921
682
5464
8813
4357
5226
147841
391
5527
9114
539
9868
2037
57026
28957
23463
226
312
3418
22929
345456
4580
4927
80114
57129
51606
5274
3646
223
284119
3843
8833
4329
214
55027
56987
79921
84061
10011
51121
22900
5357
4976
8482
10945
54460
6041
9694
5050
26000
51603
255252
22920
79571
29982
54495
1796
55006
27161
9568
4192
7874
9444
23230
59286
57479
6091
1059
23094
2239
8266
2108
1368
6782
1452
7172
2787
1601
10063
23513
10227
5707
7259
64110
29883
5019
10897
9445
5476
9741
9948
5184
2289
23318
8340
59345
54499
22818
23646
4082
1075
114571
93100
54936
51809
8767
8723
23029
3267
55333
1605
83858
91748
5682
8226
51011
335
128239
9562
23468
6138
7057
10159
6133
28984
9904
79644
1500
1520
10970
9698
83440
92579
6632
374618
8879
9
2280
6745
5355
79039
9274
5329
6241
11137
553115
79443
2098
1642
1476
115106
64215
54414
53615
10128
3183
10379
51517
7277
55763
158471
79901
51571
5991
5566
4060
8905
1660
6789
10589
51167
670
9231
9416
9941
10084
6208
79763
7443
51373
2779
705
857
3161
81539
3073
1462
9188
51569
54439
84324
9532
5880
7415
5591
9255
1487
23325
387680
100533183
144347
57136
54467
10054
51397
10550
6723
5431
81844
10409
4666
51560
83443
10427
3482
6231
7145
8545
23341
10471
1278
58508
5631
64841
641371
2908
9101
273
90624
55858
23677
36
1994
9958
726
7041
6838
7412
48
6541
3832
64062
29058
91107
66005
55773
29087
30851
2232
80142
6717
6159
839
1012
5912
126820
23161
7226
131544
10240
55611
7371
8724
5822
9531
7791
11273
9662
6309
91010
10095
60
6633
55193
6742
404734
54882
84516
8073
51067
2581
4647
25921
55347
29995
2077
5499
11041
10626
1174
79009
10083
283635
4850
6612
54625
3188
55553
162427
137492
54664
9497
5721
148268
4047
9908
2071
11080
29085
79634
403
8573
27238
4001
5110
6189
3020
3021
23331
51119
2590
9697
152007
23154
51060
4830
56984
10576
427
6834
9748
54861
5905
55739
672
286148
28987
4853
8504
113201
125488
55207
93974
51719
51026
28969
8829
3074
1936
27316
3310
51747
9100
10473
23511
55112
4801
51727
977
47
51714
23450
9765
57092
55914
80380
2909
8886
8409
5361
9209
3556
389058
8539
5859
10630
2739
4691
4074
5829
22984
9230
79709
6599
6311
79073
29922
91419
2935
10055
8932
23122
9563
3146
5111
7384
8140
54726
4085
23649
94239
10498
54511
25909
81894
131566
84081
26168
4343
5202
10450
4163
57507
3916
5007
6470
9859
8443
4920
4255
26093
10155
79577
2010
22827
1915
10592
57187
10905
7850
4700
9879
10189
64949
3151
83596
9179
197
6421
6134
950
122786
51422
3320
1653
10606
6203
84932
257364
79156
5742
4154
23589
132789
1486
7084
594
80856
378
7295
54878
23332
7334
11160
79031
100132396
9610
8458
4841
51290
8665
5686
23279
285148
10460
11240
57826
7381
8500
1573
79753
113675
11116
5981
55832
83752
9260
203068
7086
4232
51200
85013
8125
3336
10960
286257
89932
4124
219771
127829
8508
5936
9525
22848
79184
1207
7905
23435
51490
57805
9779
55644
57403
51645
54520
2048
55856
51138
52
501
5708
84271
6777
1859
9554
3915
57606
23301
55324
3157
84263
5198
26024
5495
160
5644
2539
3191
5689
2192
3716
10694
10575
220988
396
5754
23157
9690
23471
55604
64359
65985
340061
27043
80279
64374
83892
79879
65264
79720
64422
55346
29093
29078
25842
51661
7168
10899
6396
10628
128866
10051
8575
481
3159
5518
11135
5720
55291
79839
169714
8106
54534
10615
10554
80013
6305
57333
730249
10421
4835
5926
10577
9489
89941
23299
27089
4218
138199
965
23019
9183
1937
23210
57020
90411
10469
8225
135112
57634
1147
2271
191
996
196463
26585
5195
1537
7430
6117
7001
1968
1453
51552
6812
6635
5706
84733
6877
3490
200014
317772
140707
57222
57175
56852
54539
51016
55905
4641
7203
81605
6709
10735
3045
353
1938
2237
546
65123
51065
84298
4651
7447
95
23603
644
4747
53
667
57863
29082
120
285590
6234
23189
7296
1017
975
2079
201163
11079
4134
1317
9527
23476
9377
6811
10567
9682
22872
9735
2197
11000
55288
55619
84062
91445
9578
55269
51604
4677
831
3295
6120
113174
26046
22884
1964
84128
84916
2107
6857
382
9793
3033
27248
26528
57646
63935
51081
9919
9862
2720
100272147
613210
11227
22875
752
56647
9217
3098
3006
8662
83475
1666
2022
84687
56897
3920
5873
2191
23246
9322
57590
79711
10623
4054
55651
51386
5564
27445
23020
11319
4831
654364
9782
2937
3032
4302
29
11335
4638
23307
10296
84376
25914
79598
404636
23256
81037
84320
79874
56900
55131
27125
10059
79701
80308
11285
64854
2806
2052
2632
55201
84293
51593
9462
6185
5223
2677
5928
25978
23481
2026
291
22882
9946
9147
63898
10314
1294
81
1445
3705
23248
152100
84340
5935
23412
6204
57459
84520
2653
7372
6125
4686
9967
5232
51588
338382
84248
51019
6009
114787
7112
10946
10844
79672
10423
81929
3799
5573
4697
9945
373156
60488
1736
134218
23384
9702
90121
85365
1200
4536
662
9541
26121
57655
6732
23528
11014
581
9524
7174
9361
3397
7114
3679
5469
10342
51642
79733
5049
8773
10533
10956
56160
5709
8655
2011
84295
10195
54456
28991
100133093
643161
644054
5717
1730
8710
7341
3598
51069
22980
5511
23271
3949
9553
23350
8850
3973
51124
5270
2771
7373
10454
8436
123207
8726
2717
3925
528
1186
4704
64425
83442
65003
1969
6430
102
1277
3726
440689
54939
5908
29105
114294
493856
10163
1410
847
523
5437
60678
6229
83939
135228
57493
11132
53981
90268
23452
3176
7336
102157402
9973
5688
65117
54039
11332
7319
10574
9997
10591
701
4682
6510
57515
3861
7525
6513
3858
10992
6453
51144
83640
89953
55156
26512
51128
1643
10254
8721
7542
3303
3304
593
4130
8131
2803
80018
28962
56474
9826
26043
3848
3145
2817
3155
908
2783
3280
22821
10291
127018
23171
5977
10987
28976
10726
22820
6885
824
79568
23451
5290
91949
445
1633
84313
79834
1665
261726
3122
2618
3301
5832
22863
115701
91782
59285
51643
4259
4707
6249
29894
221154
84901
3849
1781
7327
25836
8892
286451
1856
8667
10492
10093
6147
6711
8301
91039
54431
245812
1176
54915
2744
11157
8682
9325
27429
4513
10961
4071
1175
10962
10713
51780
122961
9557
197131
57502
93587
5194
151011
6747
645
178
5813
6598
57583
4540
10652
11051
1471
5584
5351
22919
285282
50485
23193
4319
4668
55362
93436
51075
4869
10541
94081
441282
23541
7249
754
3699
23160
2987
54472
28952
54453
8636
11258
23376
1585
204
11034
1829
255520
23234
8334
54517
54551
26155
26036
129831
3475
307
5965
5700
4076
201475
550
5432
84549
55120
6428
27348
27044
23098
4298
8881
740
8570
5494
6856
6734
51504
54969
65250
8120
3241
9203
113251
10768
9128
8544
6183
2309
10270
9559
4696
1652
5501
5130
6748
9564
7162
151556
84447
219428
8189
54946
85461
60492
54468
9774
56886
9031
22876
7094
29968
1240
3181
56996
86
3030
2290
56850
347734
64786
114897
9939
26054
23788
5051
10935
6616
1459
125950
25
2962
8604
9448
55726
8379
57721
10458
344657
3606
7170
51574
7347
5982
1468
4710
375056
7511
10061
114483834
26517
8975
6613
3009
8566
1861
23654
1514
637
1213
3709
3735
23475
10352
51020
10412
4288
4724
4430
2517
26986
4267
1104
7515
5434
5430
5685
5692
158
8260
4905
9798
2782
2288
11070
3609
29966
8668
642
9354
9761
5332
5931
54521
57700
57019
22850
201562
60684
23041
51218
84193
57647
23070
200185
246184
80854
8239
55379
79939
112939
56896
11100
83540
55075
29099
23075
23729
50808
8697
25792
11252
9126
25996
25804
23215
80324
7358
1431
308
6624
253943
10611
121512
9818
51340
10801
10762
10767
57130
1072
6302
25844
9830
8661
9861
79654
10908
8607
2896
10153
9324
114769
166614
3182
51073
29767
8428
65095
57614
11333
118460
84946
6122
81542
54512
51072
84336
1503
9933
10434
5723
10614
54888
6833
442117
126328
130367
2885
283638
10869
1595
84661
26509
23683
9805
55755
170384
1073
284349
114882
8480
5167
9150
5898
9181
208
25930
64802
54704
1687
4541
3710
1508
4669
8338
116540
7841
7458
26985
10212
8976
8613
8780
9391
3082
5872
55750
56243
57552
5289
9039
5546
64761
55245
51429
56339
80146
10285
57466
9972
182
6596
23367
11340
11261
56894
23658
5660
64167
79143
1650
5504
7167
6217
5781
3422
9652
8887
131870
84833
65265
9475
6155
60496
8649
56851
51253
4140
471
22978
871
4698
84892
643641
10380
3673
7048
5550
6235
6844
90441
11329
283742
6731
2950
5091
2923
5606
8563
865
10954
57038
10325
51559
90550
55666
9989
79074
23633
6102
10383
9590
23639
29924
3910
8924
10802
22948
5711
24142
11264
6744
8449
23
10658
5691
858
6563
1845
5901
8737
9049
57654
100885850
80755
9882
23158
3276
23039
56255
29766
5705
3981
54938
9567
9877
1635
8772
57536
84246
55744
29086
51520
51184
2224
8654
833
10130
90378
163
146691
58472
6642
80155
10056
11117
55214
1777
3839
6585
10491
161
25803
1281
217
410
10963
215
2820
3054
377
121504
554313
8294
8359
8360
8361
8362
8363
8364
8365
8366
8367
8368
8370
3069
348938
5955
221092
51608
221955
51115
100996939
286053
25915
55052
80727
10605
51202
25782
51808
55916
135114
63875
55151
25934
11231
51605
29979
51100
4726
5714
51163
56910
5578
55071
55005
7332
11222
6495
2804
2752
633
26065
81628
29097
8407
5870
369
1209
5093
683
10955
25940
131118
100526767
51652
4509
51035
311
85449
58505
55660
8572
5230
55664
5695
6904
4733
11052
63931
3035
2961
2475
85456
57664
6187
5611
84310
55226
23272
29915
8853
203
7037
81889
84272
58477
79811
218
10066
10092
8467
23380
5160
2153
3014
9897
7264
55240
389203
84908
8801
63916
90135
60528
55754
29940
8295
51631
63826
2954
65059
60681
4839
55361
51070
80006
10643
8615
9131
1509
7184
1841
5295
22800
4904
64965
1107
5058
8451
92235
57213
170622
79023
64978
29071
7265
91289
51752
30846
29763
7087
6157
85865
9810
23317
5033
1644
1499
54874
54832
23107
6166
5204
51260
53353
7284
160418
5833
55621
527
90102
10564
7009
7529
3383
4351
3339
7247
5654
6284
10857
6727
51773
23753
3094
7328
6252
54976
55127
51726
5305
80700
29927
57148
22913
23576
7248
26003
84514
7178
5217
84245
60559
5119
60626
439921
55707
10199
10094
11212
6651
6897
4043
4144
5701
10096
4089
8899
54867
23191
221496
283377
10280
84233
55631
11021
26145
79058
55218
8192
51062
51699
207
6281
9238
29110
1676
5422
6609
1022
7536
22832
10463
51171
55752
222967
728194
411
1464
221960
51622
79631
401548
10618
153443
10478
716
79869
64853
56265
54732
1434
9910
3099
1466
79415
55341
55920
2547
2316
55278
54107
5373
81027
29114
55236
10328
4535
1892
116541
168451
6832
51337
10397
80221
51228
10020
26100
25788
9289
91754
10907
102288414
8714
55074
51635
23543
26229
4204
5954
11198
22826
23527
7916
8614
3376
5690
1009
10890
7337
9816
81888
54862
23185
83737
526
134510
27349
6605
79033
10847
8560
6197
10005
57645
55573
7419
23223
55705
9129
55178
5557
4673
55717
23211
55748
874
10105
4925
55623
23131
4311
97
55848
10598
7204
4200
30011
64320
25878
51155
4289
3704
10755
5601
10664
88455
102724594
7307
9368
5331
51493
83416
64115
54344
26156
148534
54982
55757
8795
1978
10982
55700
339834
3066
5372
64794
8974
10772
4860
10654
79567
81567
55968
283871
400224
8731
8867
8574
6908
2060
5877
79366
6141
6195
50814
25902
54978
166378
57513
65992
64216
29888
26063
11238
26097
100287171
274
7046
6990
2059
6645
7919
27079
84364
148867
23197
51031
55149
10629
79731
826
79042
583
26007
11015
9555
5315
790
3064
8506
7110
5393
9898
10250
55239
11183
64172
4924
9044
283459
3703
1983
5471
259266
55738
5885
9701
4678
3836
26092
80218
26127
26973
285636
10472
51095
51366
10327
4301
8027
727832
142
11338
205
6273
4363
3857
5710
5831
9678
11101
3612
50807
79017
23381
10632
23609
9522
10455
4323
4926
55721
79707
3300
10528
10174
2180
6144
132
6154
5970
2551
9685
5445
7016
23141
80267
64083
81493
51566
25777
10544
22924
23524
6687
23423
4116
84681
6188
10162
8450
55181
84803
64601
3998
22878
9852
56898
59342
4234
8840
23530
26073
26520
55915
728642
2580
4627
550643
558
57698
823
8834
2235
9801
781
9520
6432
57505
6425
84844
83449
85440
65125
25764
6238
29881
27247
23597
10613
8562
9236
51647
348235
55610
114883
3678
80301
55602
23416
10257
8672
9043
1029
6193
6878
10981
201965
126298
23469
113178
56947
80895
51495
3939
4128
23170
11020
8802
10238
7353
7072
84790
1654
6175
587
50488
2196
9980
26608
51304
5771
677
11143
7389
4501
5250
10262
8175
80145
79902
5719
2778
7158
116535
49854
10466
53343
55973
2664
23152
10856
7818
2332
8602
4702
85377
7871
822
6993
9688
5413
23593
55929
51503
7417
6637
6921
115207
2023
6388
79026
23127
6917
7329
55088
10487
2683
5704
2882
387
5108
80273
3007
5683
6774
2898
4519
1727
37
2790
2665
6595
5876
117159
10438
23016
79922
56267
80210
54892
83451
55790
7837
130589
79171
80232
54433
57620
26052
5238
210
8349
5747
57050
11253
8725
23557
60314
9158
6184
8148
84064
9675
159
340543
2629
2091
84129
22870
10525
3486
10468
375337
23385
3796
3149
9140
9667
10330
9513
10190
6207
25840
7159
348807
84342
81631
57103
5000
4790
7026
64778
414919
8496
1783
85378
25816
435
1340
1051
1397
7411
10399
6143
6876
8402
7127
3661
53407
10776
23474
10277
7164
129401
9604
25796
498
5478
10236
9141
3281
5757
55255
27101
83658
51759
2584
27347
10594
23129
91624
11331
55714
5594
3987
51182
9343
90522
54902
11344
55154
10616
6730
26994
8417
3685
669
4522
90678
55144
23358
10915
10548
8796
1622
5520
5929
60487
57037
91942
23065
55148
134430
2968
92105
84290
79718
83733
79077
79572
9482
23637
1191
10730
24137
7064
5245
51377
2152
128308
90480
253558
6950
6389
1478
6205
1432
54853
6382
829
8454
1965
84142
23001
1387
112574
54737
23112
51071
56683
4967
9146
7073
157922
60489
64111
51330
10072
10910
23335
51143
4715
11031
10422
3690
6390
6136
7798
9296
203547
128869
51309
30968
4017
9352
1000
6434
6760
55280
11226
9950
23165
4796
79691
51592
170954
84365
9696
3628
7019
10367
79135
6181
9208
10085
6202
30
2957
257160
55139
283212
6170
93643
3700
473
5098
79968
8644
115708
10490
22894
4597
5702
22938
84301
221294
391356
29957
10015
9169
79751
10067
113146
126393
23077
817
230
821
6810
10999
91408
84693
55788
54927
1301
4736
25953
5034
54331
5534
1613
54821
506
11018
28958
4191
2130
5635
27346
54187
23787
118
7171
140576
56922
2997
6164
90507
65010
6472
4952
4650
10295
1292
79848
988
800
2319
51663
10392
4849
5770
1460
10921
55083
92906
347733
79706
9380
56943
3551
5947
3988
5300
83940
55627
5806
11091
56916
51441
9745
10651
23670
10109
55854
7095
51596
8086
57819
51594
8760
3326
8243
6251
64755
51720
54948
8533
5159
1810
55770
54788
9581
124565
55735
3123
972
56616
4281
22931
2029
4898
4718
4257
830
1374
5886
55697
2314
79770
84284
55224
79139
9202
26515
10971
27236
157769
133619
23760
10885
55129
79174
545
10026
29919
55831
84273
1737
1523
6227
114795
10787
64763
8874
51611
55692
57506
8565
8883
79882
79047
10959
23705
149371
50999
10994
25929
5825
81570
51368
2317
7531
84888
23592
6319
10424
8882
3655
7407
4771
6767
7555
989
91373
10973
535
147339
56913
23136
10097
10873
89958
94134
29920
4728
10294
10452
5096
3945
1329
3784
1004
5436
5306
5481
57085
54931
11270
81875
54585
25879
26993
83660
2171
55661
10587
58527
9529
1803
8487
3315
23204
79587
55275
51271
4734
84522
59277
10558
1399
199953
51762
9410
57405
55108
7105
5636
55907
5921
221150
6643
79590
9760
10527
2067
387522
7335
132299
92912
55589
80011
3163
51125
80207
7260
28973
8324
4701
5094
9219
51362
4763
23517
3419
23071
22868
8209
9184
6678
1211
5335
5684
5985
5687
3396
54914
81532
167838
91647
55677
79084
53938
80331
26064
26103
10939
25932
93343
23190
9329
1947
4048
23345
84896
25839
5352
10728
3636
8518
6728
7077
8021
509
23173
27032
392
11214
9918
161424
201931
283489
57410
64783
3028
84557
58506
83641
9881
2762
5547
26122
4719
51015
54899
285676
64225
10985
8939
64710
54881
55823
7385
80777
9406
8411
58155
23534
10717
8895
301
8836
4646
56061
10211
2936
7345
231
3712
3572
92259
55157
84305
80349
53905
54994
8634
285313
4848
27440
27430
5868
51268
92521
79837
1173
10901
55163
689
1121
2770
54890
80139
28972
5634
1606
2802
51295
64121
26115
23047
55646
4864
292
9097
55177
10284
5156
55585
51465
56254
3421
22803
8289
706
9551
81606
445815
55100
54928
23264
57446
493
53371
54776
23192
5984
309
2773
5589
11112
5236
5902
5887
6152
2673
4534
4784
51109
10552
55699
8517
1717
323
115416
5715
1890
6161
56951
23417
9040
6222
23034
10052
3798
55339
11266
23255
8664
5447
10953
64434
57414
84164
29101
6210
27068
54617
9775
55204
9631
84299
813
8985
6118
1315
5530
1891
7378
25828
23560
55217
55577
22845
23275
6294
58513
10969
23095
6738
5358
7052
51691
3187
8776
81490
51763
10419
1977
302
54885
9984
26060
25852
58490
3688
6206
1889
70
57498
4659
3420
8669
6631
293
1385
811
9647
708
10322
57551
51008
80012
153339
85021
113444
55319
79078
55168
51690
51406
10273
890
29978
348262
3996
92675
64149
60560
25927
80227
22905
4735
1155
26958
318
1603
8050
8065
7965
9689
84836
29090
56203
3837
65005
2776
64423
51329
84262
55308
2181
5836
6237
4133
6646
1371
1785
2823
5214
1593
1759
9646
79784
64328
22874
10542
10539
6520
7150
1312
16
6233
5339
84267
81555
57003
57418
57142
10117
56895
55327
51264
10644
6277
7410
1645
64744
6455
55898
51324
10425
967
2745
8087
401505
84300
23613
2009
10797
11016
2946
5903
6634
64963
22795
22930
81608
8315
64132
54477
57510
51684
4093
7283
1495
2730
8568
26037
6907
1212
1728
6142
6150
92689
78988
25917
10799
6128
5510
81671
55591
11168
1479
860
57120
2058
5865
5438
23184
9135
3312
4928
80124
8394
11235
516
26519
6397
4706
11164
5253
3309
3190
1591
128240
79001
56942
10101
27020
57488
10311
415
147007
79888
3550
10531
57486
6558
2801
283209
34
124641
5118
5743
3150
440
3708
23516
8310
445571
7514
5356
23309
5095
6629
6628
2799
6137
2200
23480
998
6228
64968
10951
444
2582
9961
81035
135154
51028
23085
9706
163590
131578
56052
81611
95681
64976
55890
56893
57602
27122
51637
23233
9894
81887
9819
4712
7448
8826
64432
10682
9118
54947
23064
79228
53918
10813
65080
55140
6400
58533
9054
2760
55095
8915
4338
6606
6607
140739
79657
9414
1025
5515
2631
7299
678
7879
7205
201595
100533496
201158
57665
5693
6050
23196
56904
10049
3853
327
200081
283820
143888
84196
4285
55742
9218
54543
51372
51491
25813
8683
5055
10657
8729
140735
10514
79876
8891
25980
79861
2495
3725
3305
6652
23770
22862
55197
9632
55004
129285
90701
7386
6729
1266
85369
55210
1793
8030
29088
26286
10087
55325
22796
4758
27333
272
1540
11056
4791
4000
6576
55671
117246
10447
51388
1894
1457
10927
94121
25885
6949
30836
90850
359845
53944
51018
5562
8675
90861
7070
23512
10134
22949
81892
4247
6867
7165
164
4643
31
389677
64210
54552
55082
51678
6218
25937
124245
50865
4233
29886
23283
284071
6386
100287932
373
58517
9349
5052
2017
5411
8498
10113
23277
2990
6649
3416
1350
57132
4548
64708
56889
11313
5211
1295
2794
9261
10988
9045
6224
6201
8754
112936
348995
140469
9777
60592
51715
54555
6139
8241
131076
92399
171017
51234
4713
23386
51110
27257
4705
7474
2764
8848
64795
5738
3913
50628
54873
56993
11276
1778
57727
28989
22985
29934
9446
38
11161
22
8871
5834
10724
2521
65108
29889
9589
55845
55737
114885
29928
23155
6647
8473
476
6416
5074
50804
8412
10253
10523
9738
4528
5536
23180
5106
10989
23091
139322
6601
7251
2036
90293
26049
55622
51068
57048
10426
23394
3692
80781
7414
6567
54919
23568
28985
23126
5716
51250
55133
29880
6223
9584
11337
1975
3148
8896
1819
6194
6924
9687
284695
6830
7922
28998
23479
55326
57045
114805
51463
653519
5336
1303
81876
9648
1809
30000
3417
6780
2876
4245
6726
10785
7323
7532
8227
5782
7186
9656
5529
1808
284361
54798
84717
359948
402573
131474
140609
79643
81873
552900
654483
440275
51154
6230
6879
7263
85363
7982
10381
966
23268
2132
64151
55272
85477
10247
586
144404
5286
10640
4722
9064
4338
3615
490
5867
7402
3052
23413
6169
23203
26130
11047
64175
64342
339229
126382
60312
10048
84105
51389
84154
29079
51332
10428
58478
10916
4644
51729
9397
3189
8091
9733
9540
80381
26355
25942
11218
7045
9669
6135
8890
10360
6594
1974
2617
54677
91869
10476
1435
7175
5516
8540
9538
5201
5297
8893
8991
286410
79053
5793
9871
2746
2597
653269
2040
7980
55161
9168
287
23404
27332
5796
8942
92609
92815
55749
54332
55616
2734
11190
22908
26272
4125
8943
9092
4729
7416
6418
1639
51097
112849
65109
81618
57568
832
23164
9382
8907
6129
29107
64759
1743
64969
3895
24145
4482
22998
10600
1398
514
25873
8733
6788
5310
9521
2047
9533
5493
328
5480
6611
4809
57122
9321
55795
54953
388697
259282
57709
79029
29994
51649
51105
788
1838
26057
538
10900
55702
4123
3964
8611
50809
51010
55696
2941
2155
55246
9902
8803
9550
7076
136319
6156
54205
6426
6429
10139
23397
4916
51074
10200
10512
51096
65082
9987
4313
873
10536
23327
65991
5116
152518
23269
113189
10449
9570
10526
7098
55667
54165
55872
51272
29959
9373
445815
2512
57532
84706
5433
7311
814
256364
23369
5814
11315
6814
51692
1662
10082
2934
5983
162
9815
94103
55740
100188893
79109
9019
9060
5073
350
5621
7169
5213
4782
1345
9601
5567
6282
1611
4141
271
4035
4240
4087
23333
55684
51248
401612
200205
23061
222068
79932
25977
23659
134492
51112
91663
56954
54929
738
11178
51378
4820
23657
55917
5337
2947
10013
28956
902
80824
3845
10884
11010
728577
60481
51226
8455
5328
7083
4236
1477
2531
9341
55665
10111
60412
26292
60491
10165
3065
55829
19
25843
6191
5756
124801
90809
115704
51507
51292
2879
5127
103910
10627
3126
5910
10952
124454
11346
84153
54984
4253
79002
64207
6625
84545
387338
4361
10313
5962
285527
9138
10540
54504
55352
10556
54623
79068
23395
26354
6697
7266
64780
5327
4843
4190
23212
8546
317
10403
9371
3921
522
10486
23438
10972
5878
5571
6500
1844
1967
10484
11140
79971
161176
85476
92667
51009
26589
55870
51164
22801
351
3329
56257
51303
488
6427
2873
23673
4152
5694
11328
5817
3978
2273
84734
79080
55970
29997
6836
10209
1400
643155
10553
54954
22839
51002
9145
9136
4312
8531
1465
2286
5037
4723
5608
4637
8396
2274
388552
55746
1902
91179
192111
80230
39
10938
79717
80019
64750
23640
984
6167
6130
6868
9784
54884
6604
11146
79180
94005
65083
56902
51382
6840
1615
23521
1725
27336
56252
124808
55862
51263
1192
7388
4282
4131
6597
58
283464
26091
10436
23339
27335
1108
65263
8110
11196
100532731
648
1646
29896
10483
1903
51668
112464
7408
7534
4507
129642
84950
7756
6449
6176
3956
5869
440138
10607
3840
10282
9061
27243
11336
10043
9512
10269
10286
1528
4314
2230
1327
6165
928
3337
5595
2222
10135
6301
3068
900
1973
6209
3831
7280
23406
23076
23198
6923
6835
55720
55690
152137
285755
150684
79137
114757
23176
399687
123263
26128
51101
55031
5514
54407
10198
51204
79083
55759
29074
81562
7469
53349
57703
57687
55229
54918
54606
29796
51706
27292
9107
11171
10160
23594
93621
23647
5162
2805
3698
23636
5713
51530
23111
84186
25920
114876
51300
100302736
51014
1837
2335
4738
83544
11325
4478
3980
1429
79070
90488
8774
55194
50813
29937
27183
51602
1488
23509
5321
7873
23096
622
115548
9130
23644
55153
2170
64084
3608
9907
224
84695
3778
10974
51102
81855
3954
54480
2
5874
5537
7317
353116
65244
60558
10979
23398
54951
9070
22880
23214
643
23295
2821
9360
8452
221035
139341
128486
25963
5216
3936
138716
6829
1291
9276
1984
9804
23708
493869
56681
94056
7257
9659
55037
1314
10075
10129
8799
5862
5500
24148
537
9530
23244
114049
372
7343
114984
54662
3092
11163
5604
8666
10465
3614
9827
83590
54940
128
29926
2312
10226
25904
3611
5036
202
11316
51534
5303
3251
3294
10371
92140
84859
65008
771
11083
56342
692312
83700
80335
28960
4741
9789
79886
2639
1376
2710
57470
10827
5442
23564
1993
134147
3178
3672
3093
1981
10549
9319
26002
56262
57650
4008
57095
51160
91137
8904
6905
10413
7024
148362
83787
3732
6132
11078
400569
51371
9415
6522
6741
1786
7111
5646
7913
6158
2992
1264
5531
5879
3084
2110
6675
80789
51535
25896
4711
79157
9526
4714
24139
4514
140465
9588
5269
6119
521
10672
91147
55183
55119
3842
55276
29956
6048
2519
64746
148223
28988
51651
29925
84328
10671
26227
2182
8624
515
529
2109
2339
6160
6786
5528
26275
121457
25870
84321
63893
29127
23473
5763
221937
2287
2926
63929
11260
3958
5066
2960
6385
1854
3308
4628
1306
1939
2729
7109
5018
23042
54505
51286
374354
8880
83638
30845
9943
3313
14
5586
114789
10892
29115
8460
7112
55342
310
50810
5524
3516
11167
50
27350
10243
836
22885
113457
1347
1069
11224
3185
6168
5861
8453
57589
56957
170261
26058
92597
124995
26090
29890
26578
26472
11284
23344
6051
79611
10058
27185
55860
55967
23186
23265
9500
7431
5860
1382
2588
10121
10131
201626
10283
157680
126133
4026
6391
10482
25926
10157
475
1047
5010
5496
27304
23555
10609
9454
151987
3927
219927
513
6015
339965
25814
4695
10102
4052
25962
54926
2530
11113
9537
1933
5598
60561
22907
9823
56983
89796
57146
64855
5203
29109
9403
5479
6124
6093
51194
51633
1287
133686
22824
960
4088
112858
9375
4126
2931
22856
94097
84084
2193
6664
9295
80347
8878
23080
9927
10398
6173
7533
151887
152002
9093
9197
9991
90459
11030
79188
116496
6451
9611
6626
1632
3476
4297
3184
2318
2483
84656
25979
337867
26135
85313
123169
64981
170506
79944
64087
56901
55011
27339
1629
3930
7360
374654
374882
23187
56926
91689
51025
6648
55033
1384
9747
23352
124944
30849
23499
2956
408050
818
140838
54968
6146
55114
284382
4676
10763
54987
1627
51122
26056
26276
8685
27342
11124
51103
1029
5768
2944
54872
6059
8078
4836
54148
2975
27131
10923
5311
3008
6182
11127
29789
51024
10201
483
79809
23168
10440

