3620
3965
2766
51191
3669
115361
85441
10561
684
3134
129607
6772
115362
3437
25939
3434
4600
6672
10410
219285
6890
10274
57214
64135
55008
9636
3428
10346
151636
2633
4599
891
6790
4940
29128
87178
861
51280
259307
4939
375790
4162
5610
7042
11054
5441
57674
3833
9787
55601
103
6892
23424
5696
5698
55299
10855
7812
24138
23586
55234
3433
5371
135293
140290
9768
5699
7453
840
1404
10312
51056
29089
56992
51667
65260
7318
54809
10656
7153
5576
23780
6773
3029
3430
374393
3371
6566
64924
56102
7917
6525
54443
8659
8971
26010
83666
5819
6891
567
203569
79792
23558
56829
79065
3107
4012
54751
4670
28965
9246
22950
51650
51639
11169
3959
26586
55802
11065